%YAML:1.0
dscr_db: !!opencv-matrix
   rows: 1
   cols: 128
   dt: f
   data: [ 0., 0., 0., 0., 0., 0., 0., 0., 21., 13., 0., 0., 0., 0., 0.,
       0., 66., 15., 0., 0., 0., 0., 15., 39., 3., 0., 0., 0., 0., 2.,
       62., 36., 9., 5., 0., 0., 0., 0., 0., 0., 177., 66., 0., 0., 0.,
       0., 0., 5., 177., 38., 0., 0., 0., 0., 1., 34., 24., 13., 2., 0.,
       0., 3., 16., 20., 75., 17., 0., 0., 0., 0., 0., 7., 177., 66., 0.,
       0., 0., 0., 0., 23., 177., 153., 2., 0., 0., 0., 0., 3., 10., 87.,
       26., 1., 0., 0., 0., 0., 28., 1., 0., 0., 0., 0., 0., 14., 177.,
       8., 0., 0., 0., 0., 0., 105., 89., 101., 14., 1., 0., 0., 0., 20.,
       0., 101., 46., 0., 0., 0., 0., 0. ]
