%YAML:1.0
dscr_db: !!opencv-matrix
   rows: 109
   cols: 128
   dt: f
   data: [ 0., 0., 0., 1., 3., 125., 125., 30., 10., 3., 13., 5., 1., 9.,
       125., 125., 96., 29., 10., 1., 0., 0., 21., 73., 30., 11., 1., 0.,
       0., 0., 0., 1., 0., 0., 0., 5., 33., 48., 46., 4., 10., 33., 82.,
       106., 125., 38., 24., 17., 125., 125., 66., 16., 5., 3., 5., 23.,
       55., 6., 2., 1., 0., 0., 0., 9., 3., 1., 0., 1., 39., 22., 8., 4.,
       10., 7., 5., 19., 125., 125., 120., 30., 125., 25., 5., 4., 6.,
       22., 103., 125., 38., 9., 6., 1., 0., 0., 0., 10., 3., 0., 0., 1.,
       2., 5., 4., 5., 1., 1., 2., 1., 1., 19., 51., 7., 2., 1., 4., 2.,
       1., 3., 43., 21., 1., 2., 4., 4., 1., 0., 1., 2., 1., 18., 104.,
       96., 11., 0., 0., 0., 14., 114., 125., 41., 1., 0., 0., 0., 13.,
       84., 10., 4., 13., 11., 3., 1., 9., 4., 1., 3., 12., 22., 42.,
       28., 3., 6., 18., 86., 134., 0., 0., 0., 86., 134., 21., 18., 13.,
       0., 0., 0., 134., 115., 1., 0., 0., 0., 1., 16., 37., 6., 0., 0.,
       0., 1., 6., 16., 2., 2., 1., 32., 134., 0., 0., 0., 134., 31., 1.,
       4., 17., 0., 0., 4., 134., 13., 0., 0., 0., 2., 2., 52., 23., 1.,
       0., 0., 2., 11., 6., 17., 1., 0., 0., 13., 134., 1., 0., 1., 116.,
       19., 0., 1., 10., 1., 1., 3., 134., 52., 0., 0., 1., 1., 0., 7.,
       25., 5., 0., 0., 11., 11., 1., 3., 23., 3., 0., 1., 6., 1., 0.,
       2., 98., 5., 0., 0., 11., 1., 0., 1., 156., 16., 0., 0., 1., 0.,
       0., 1., 16., 2., 0., 1., 6., 2., 1., 0., 20., 0., 0., 1., 3., 1.,
       4., 14., 93., 9., 0., 2., 7., 5., 8., 9., 156., 27., 0., 0., 1.,
       0., 0., 12., 26., 5., 1., 1., 4., 2., 1., 1., 2., 0., 52., 20.,
       0., 2., 32., 22., 50., 44., 96., 22., 1., 7., 30., 31., 156., 94.,
       13., 0., 1., 1., 2., 70., 15., 7., 5., 4., 5., 1., 1., 7., 0., 0.,
       156., 99., 0., 0., 2., 2., 24., 119., 156., 56., 0., 0., 1., 24.,
       156., 156., 36., 1., 1., 0., 0., 33., 22., 66., 12., 4., 3., 0.,
       0., 2., 19., 25., 5., 1., 7., 6., 0., 0., 82., 5., 7., 3., 18.,
       29., 6., 22., 192., 2., 0., 0., 10., 2., 2., 50., 37., 0., 0., 1.,
       55., 4., 0., 6., 15., 35., 6., 5., 17., 2., 0., 0., 128., 29.,
       18., 14., 8., 1., 0., 6., 192., 26., 1., 0., 13., 1., 0., 20.,
       48., 1., 0., 1., 74., 5., 0., 3., 26., 18., 2., 5., 42., 9., 0.,
       1., 169., 12., 3., 19., 12., 0., 0., 3., 192., 5., 0., 1., 15.,
       0., 0., 18., 47., 0., 0., 4., 74., 1., 0., 4., 17., 0., 0., 1.,
       53., 17., 1., 7., 141., 2., 0., 3., 10., 11., 3., 12., 192., 1.,
       0., 1., 13., 0., 0., 16., 38., 1., 0., 4., 59., 2., 0., 1., 29.,
       1., 2., 65., 7., 0., 0., 37., 59., 10., 6., 55., 18., 1., 0., 6.,
       167., 9., 0., 0., 9., 1., 0., 26., 19., 0., 0., 1., 52., 3., 0.,
       5., 9., 0., 6., 102., 33., 0., 0., 5., 80., 51., 36., 78., 4., 0.,
       0., 0., 167., 69., 5., 1., 12., 1., 0., 7., 31., 2., 0., 2., 68.,
       2., 0., 2., 1., 0., 1., 89., 74., 0., 0., 0., 156., 14., 7., 67.,
       25., 0., 0., 12., 167., 13., 1., 1., 15., 2., 0., 54., 27., 0.,
       0., 1., 69., 5., 0., 8., 0., 0., 0., 20., 98., 4., 0., 0., 167.,
       2., 0., 12., 32., 1., 0., 8., 167., 1., 0., 1., 15., 1., 0., 24.,
       19., 1., 0., 2., 53., 5., 1., 5., 1., 22., 137., 33., 2., 6., 35.,
       5., 5., 50., 60., 6., 6., 35., 41., 1., 1., 2., 0., 0., 3., 54.,
       57., 1., 0., 0., 0., 0., 1., 27., 72., 2., 30., 93., 137., 137.,
       109., 55., 25., 21., 137., 137., 80., 3., 2., 3., 11., 52., 46.,
       10., 0., 5., 31., 13., 4., 4., 1., 0., 0., 3., 6., 4., 6., 4.,
       17., 8., 3., 7., 55., 137., 137., 66., 137., 18., 2., 2., 2., 7.,
       127., 137., 35., 2., 3., 7., 29., 6., 3., 12., 2., 0., 0., 1., 4.,
       3., 6., 14., 2., 11., 13., 1., 1., 9., 48., 4., 1., 1., 12., 8.,
       2., 2., 30., 13., 1., 1., 7., 2., 2., 2., 1., 1., 0., 0., 2., 2.,
       1., 1., 2., 2., 1., 1., 1., 2., 22., 2., 0., 0., 165., 77., 1.,
       1., 21., 2., 0., 0., 165., 80., 0., 0., 25., 13., 0., 1., 3., 1.,
       0., 0., 46., 22., 1., 1., 0., 0., 1., 6., 21., 1., 0., 0., 159.,
       50., 1., 8., 40., 2., 0., 2., 165., 86., 0., 0., 22., 7., 0., 9.,
       15., 2., 0., 0., 78., 27., 0., 1., 0., 0., 0., 12., 20., 1., 0.,
       0., 162., 4., 0., 10., 39., 2., 1., 30., 165., 25., 1., 2., 15.,
       4., 0., 41., 20., 6., 1., 3., 83., 25., 0., 2., 1., 0., 5., 10.,
       6., 1., 0., 1., 118., 1., 1., 1., 8., 3., 2., 64., 165., 48., 4.,
       1., 3., 0., 0., 39., 17., 20., 2., 2., 42., 13., 0., 0., 2., 2.,
       3., 3., 5., 0., 0., 0., 120., 5., 1., 9., 16., 0., 0., 0., 192.,
       7., 0., 0., 15., 1., 0., 7., 21., 1., 0., 3., 78., 2., 0., 1., 2.,
       2., 1., 2., 7., 1., 0., 0., 152., 4., 0., 3., 27., 1., 0., 1.,
       192., 10., 0., 1., 17., 0., 0., 5., 29., 2., 0., 2., 96., 5., 0.,
       1., 4., 1., 0., 2., 8., 0., 0., 1., 155., 5., 0., 7., 27., 1., 0.,
       3., 192., 6., 0., 0., 17., 1., 0., 13., 29., 1., 0., 0., 97., 4.,
       0., 1., 3., 1., 0., 3., 9., 0., 0., 1., 122., 9., 1., 9., 26., 0.,
       0., 0., 192., 12., 0., 0., 12., 0., 0., 4., 24., 1., 0., 1., 77.,
       2., 0., 1., 2., 5., 62., 26., 1., 1., 15., 6., 3., 32., 61., 6.,
       3., 4., 14., 3., 2., 4., 1., 1., 8., 5., 1., 1., 0., 0., 1., 1.,
       2., 1., 2., 1., 12., 39., 138., 138., 121., 14., 4., 6., 138.,
       138., 138., 25., 3., 2., 3., 27., 70., 24., 1., 4., 19., 9., 3.,
       3., 3., 5., 1., 2., 6., 1., 1., 1., 13., 7., 6., 36., 138., 138.,
       138., 53., 138., 30., 5., 6., 4., 15., 114., 138., 66., 6., 2.,
       18., 14., 0., 1., 21., 3., 4., 1., 3., 4., 0., 0., 1., 1., 3., 4.,
       3., 3., 35., 82., 12., 2., 0., 6., 13., 2., 3., 64., 50., 1., 0.,
       1., 11., 6., 0., 1., 4., 0., 3., 2., 1., 1., 0., 0., 0., 0., 0.,
       0., 0., 1., 7., 4., 1., 2., 0., 1., 2., 0., 1., 10., 60., 0., 0.,
       0., 0., 0., 0., 69., 152., 0., 0., 0., 0., 0., 0., 85., 152., 8.,
       1., 0., 0., 7., 28., 13., 5., 140., 4., 0., 0., 2., 4., 8., 152.,
       41., 0., 0., 0., 1., 1., 73., 152., 0., 0., 0., 2., 5., 2., 41.,
       59., 15., 8., 3., 22., 63., 23., 12., 4., 152., 48., 4., 10., 13.,
       1., 0., 23., 152., 6., 0., 0., 13., 3., 5., 30., 0., 0., 0., 1.,
       16., 5., 2., 0., 20., 9., 3., 54., 113., 9., 1., 4., 152., 47.,
       4., 16., 14., 1., 0., 0., 152., 7., 0., 0., 11., 3., 0., 1., 0.,
       0., 0., 0., 11., 6., 2., 1., 2., 2., 3., 2., 1., 0., 1., 2., 3.,
       2., 3., 1., 1., 2., 30., 22., 0., 0., 0., 1., 11., 31., 47., 5.,
       6., 1., 0., 10., 37., 8., 1., 0., 29., 7., 6., 15., 6., 1., 0.,
       5., 130., 27., 4., 4., 2., 14., 100., 130., 16., 8., 5., 26.,
       130., 130., 130., 50., 16., 2., 1., 29., 124., 36., 1., 3., 34.,
       13., 6., 4., 10., 5., 0., 3., 130., 130., 100., 17., 3., 5., 6.,
       28., 18., 54., 130., 130., 130., 37., 9., 10., 33., 0., 2., 56.,
       128., 9., 2., 16., 2., 8., 6., 1., 1., 8., 5., 0., 5., 43., 53.,
       4., 2., 2., 1., 0., 0., 10., 65., 41., 18., 1., 0., 0., 39., 0.,
       1., 13., 23., 2., 1., 22., 0., 0., 1., 15., 4., 0., 0., 0., 81.,
       27., 9., 22., 4., 0., 0., 0., 183., 29., 0., 0., 0., 0., 0., 4.,
       118., 2., 0., 0., 0., 0., 0., 8., 0., 3., 8., 27., 28., 6., 0.,
       0., 92., 61., 20., 41., 33., 22., 3., 6., 183., 76., 2., 0., 0.,
       1., 1., 25., 124., 1., 0., 0., 0., 0., 0., 32., 0., 14., 18., 3.,
       10., 20., 7., 0., 95., 13., 9., 10., 21., 48., 11., 27., 183.,
       15., 0., 0., 0., 1., 4., 86., 74., 0., 0., 0., 0., 0., 8., 68.,
       0., 1., 2., 1., 1., 98., 69., 0., 73., 14., 6., 8., 7., 72., 31.,
       14., 183., 22., 1., 0., 0., 2., 5., 41., 69., 1., 0., 1., 3., 3.,
       5., 17., 37., 4., 0., 0., 1., 1., 27., 129., 6., 5., 7., 16., 11.,
       6., 21., 29., 15., 15., 9., 5., 2., 10., 28., 12., 2., 0., 0., 0.,
       0., 20., 93., 7., 5., 73., 91., 14., 3., 0., 12., 33., 14., 28.,
       49., 129., 49., 2., 3., 5., 129., 83., 28., 31., 4., 0., 8., 23.,
       34., 9., 24., 4., 0., 6., 65., 19., 27., 129., 129., 11., 0., 0.,
