%YAML:1.0
dscr_db: !!opencv-matrix
   rows: 35
   cols: 128
   dt: f
   data: [ 24., 34., 9., 54., 34., 0., 0., 5., 22., 16., 6., 33., 52.,
       18., 1., 2., 2., 0., 1., 12., 95., 26., 0., 1., 0., 0., 2., 15.,
       16., 5., 0., 0., 31., 9., 4., 118., 78., 1., 1., 27., 144., 25.,
       5., 32., 42., 27., 4., 22., 17., 0., 3., 10., 144., 88., 4., 8.,
       0., 0., 9., 18., 20., 4., 0., 0., 26., 14., 15., 144., 38., 7.,
       0., 3., 144., 46., 3., 9., 28., 10., 1., 8., 48., 5., 1., 4.,
       144., 61., 1., 3., 2., 9., 4., 6., 54., 5., 0., 1., 11., 17., 6.,
       10., 49., 144., 0., 0., 144., 94., 2., 0., 14., 15., 0., 1., 71.,
       16., 0., 2., 144., 53., 0., 1., 7., 11., 2., 4., 68., 15., 1., 1.,
       14., 1., 0., 1., 10., 13., 2., 8., 153., 2., 0., 3., 16., 2., 2.,
       48., 73., 3., 0., 20., 153., 14., 0., 7., 78., 102., 1., 2., 65.,
       18., 2., 0., 31., 0., 0., 2., 2., 4., 5., 10., 153., 9., 1., 10.,
       23., 1., 1., 47., 55., 4., 1., 61., 153., 7., 2., 9., 27., 12.,
       0., 4., 58., 16., 34., 77., 25., 0., 0., 0., 0., 0., 17., 25.,
       153., 30., 4., 19., 21., 0., 4., 19., 33., 12., 4., 70., 153.,
       12., 8., 50., 26., 1., 5., 32., 16., 3., 22., 153., 33., 5., 0.,
       0., 0., 0., 3., 14., 113., 8., 1., 2., 9., 1., 1., 17., 26., 3.,
       1., 4., 31., 16., 14., 81., 14., 0., 2., 38., 49., 29., 9., 56.,
       0., 0., 0., 2., 6., 6., 1., 0., 79., 1., 0., 2., 3., 3., 1., 10.,
       159., 1., 2., 10., 45., 1., 0., 38., 29., 93., 29., 51., 106., 0.,
       0., 3., 2., 2., 0., 1., 7., 11., 1., 0., 112., 12., 2., 4., 11.,
       6., 1., 5., 159., 11., 0., 2., 88., 4., 0., 13., 23., 34., 4.,
       16., 159., 23., 0., 1., 4., 1., 0., 0., 4., 9., 1., 5., 99., 2.,
       0., 1., 7., 17., 6., 23., 159., 6., 0., 4., 71., 2., 0., 21., 14.,
       3., 0., 5., 159., 33., 1., 0., 1., 1., 0., 1., 1., 1., 2., 3.,
       77., 3., 0., 1., 1., 1., 4., 9., 159., 23., 2., 12., 43., 0., 0.,
       8., 7., 2., 1., 22., 159., 5., 3., 9., 0., 0., 106., 47., 0., 1.,
       34., 8., 0., 4., 130., 55., 0., 2., 23., 4., 0., 1., 130., 130.,
       3., 0., 11., 6., 0., 0., 130., 120., 1., 0., 4., 1., 3., 6., 130.,
       122., 14., 14., 2., 2., 66., 66., 130., 59., 12., 6., 2., 5., 14.,
       9., 76., 126., 130., 11., 0., 0., 1., 0., 65., 55., 33., 6., 5.,
       3., 11., 2., 5., 8., 18., 75., 14., 14., 89., 13., 3., 6., 13.,
       31., 21., 29., 20., 6., 2., 15., 130., 23., 0., 1., 0., 0., 0.,
       1., 44., 22., 3., 0., 2., 0., 0., 0., 19., 42., 14., 10., 5., 1.,
       0., 1., 5., 23., 23., 7., 2., 1., 0., 2., 50., 56., 4., 1., 0.,
       0., 0., 0., 20., 67., 1., 0., 21., 61., 1., 0., 0., 0., 0., 0.,
       56., 56., 3., 1., 2., 1., 0., 2., 5., 23., 22., 6., 5., 1., 0.,
       1., 21., 41., 13., 8., 1., 0., 0., 0., 44., 18., 3., 1., 0., 0.,
       0., 1., 131., 19., 0., 1., 20., 5., 2., 18., 14., 31., 20., 31.,
       88., 11., 3., 6., 20., 75., 14., 14., 10., 2., 4., 7., 32., 5.,
       5., 3., 1., 0., 79., 59., 130., 8., 0., 0., 15., 9., 86., 126.,
       12., 6., 2., 6., 69., 67., 131., 52., 15., 16., 2., 2., 4., 6.,
       131., 108., 0., 0., 5., 2., 0., 0., 131., 108., 2., 0., 13., 6.,
       0., 1., 131., 130., 0., 2., 24., 3., 0., 5., 131., 49., 0., 1.,
       33., 7., 0., 0., 119., 44., 0., 63., 122., 1., 0., 2., 3., 0., 2.,
       104., 122., 1., 0., 4., 9., 0., 1., 38., 112., 9., 0., 3., 21.,
       1., 0., 31., 88., 2., 0., 6., 30., 0., 9., 59., 100., 0., 0., 17.,
       15., 7., 122., 122., 73., 5., 6., 0., 1., 13., 25., 43., 122.,
       106., 65., 1., 0., 2., 12., 101., 122., 21., 7., 1., 1., 6., 14.,
       2., 0., 0., 4., 122., 20., 7., 122., 32., 1., 2., 14., 15., 4.,
       15., 34., 13., 3., 18., 122., 42., 11., 10., 28., 12., 6., 4.,
       17., 14., 16., 63., 2., 38., 16., 2., 21., 97., 2., 0., 68., 29.,
       1., 1., 9., 51., 12., 6., 46., 20., 0., 0., 16., 42., 35., 9., 2.,
       0., 0., 1., 14., 21., 44., 24., 5., 0., 1., 3., 1., 0., 2., 58.,
       66., 8., 2., 1., 1., 0., 2., 142., 107., 37., 3., 5., 6., 0., 0.,
       70., 3., 2., 1., 9., 34., 3., 0., 1., 31., 0., 0., 8., 2., 0., 1.,
       142., 38., 36., 32., 75., 8., 0., 1., 111., 142., 94., 18., 7.,
       4., 2., 0., 8., 17., 2., 0., 1., 37., 8., 0., 3., 34., 0., 0.,
       85., 30., 0., 0., 116., 102., 20., 20., 142., 35., 0., 0., 10.,
       142., 20., 6., 5., 6., 2., 0., 17., 24., 0., 0., 1., 55., 6., 0.,
       3., 6., 0., 0., 116., 54., 0., 0., 15., 136., 2., 2., 45., 35.,
       1., 0., 11., 142., 3., 0., 1., 5., 0., 0., 7., 18., 1., 0., 6.,
       45., 1., 0., 0., 81., 66., 0., 2., 12., 0., 0., 0., 157., 157.,
       0., 0., 4., 2., 0., 0., 30., 20., 0., 0., 50., 23., 0., 0., 1.,
       1., 0., 1., 36., 17., 0., 0., 68., 17., 0., 4., 14., 1., 0., 10.,
       157., 91., 0., 0., 1., 0., 0., 20., 106., 27., 1., 1., 53., 13.,
       0., 0., 0., 0., 0., 1., 45., 24., 5., 1., 73., 0., 0., 2., 3., 1.,
       0., 59., 157., 65., 9., 1., 0., 0., 0., 86., 75., 128., 10., 2.,
       15., 10., 0., 1., 3., 3., 1., 2., 22., 28., 4., 1., 100., 0., 0.,
       1., 1., 0., 0., 68., 81., 47., 28., 45., 22., 0., 0., 47., 122.,
       157., 22., 12., 3., 2., 0., 1., 28., 17., 0., 1., 25., 23., 0.,
       1., 0., 2., 68., 16., 1., 1., 1., 1., 0., 5., 127., 18., 0., 0.,
       0., 1., 2., 20., 77., 24., 0., 0., 0., 0., 1., 6., 21., 21., 2.,
       1., 0., 0., 0., 0., 127., 97., 13., 10., 4., 0., 12., 30., 127.,
       100., 12., 12., 17., 7., 127., 127., 102., 9., 1., 2., 6., 20.,
       35., 11., 5., 9., 20., 14., 2., 5., 0., 0., 8., 23., 17., 60.,
       96., 3., 11., 5., 16., 19., 12., 60., 127., 34., 127., 29., 12.,
       2., 1., 4., 81., 102., 29., 20., 26., 14., 7., 2., 4., 5., 0., 0.,
       1., 0., 0., 5., 127., 15., 0., 0., 2., 1., 0., 13., 127., 8., 2.,
       1., 5., 0., 0., 11., 127., 16., 2., 3., 12., 2., 0., 1., 112.,
       25., 15., 0., 0., 32., 124., 0., 0., 2., 2., 6., 10., 79., 101.,
       0., 0., 0., 120., 60., 19., 30., 10., 0., 0., 1., 103., 10., 0.,
       0., 0., 0., 0., 6., 6., 0., 0., 58., 124., 2., 0., 0., 12., 9.,
       8., 115., 124., 32., 9., 5., 124., 47., 12., 29., 19., 8., 10.,
       38., 124., 2., 0., 0., 0., 1., 0., 24., 4., 0., 0., 32., 121., 9.,
       3., 4., 12., 2., 1., 9., 68., 116., 124., 26., 111., 3., 1., 2.,
       6., 31., 124., 124., 90., 9., 0., 0., 0., 0., 1., 26., 7., 0., 0.,
       6., 75., 6., 7., 8., 20., 15., 13., 3., 1., 9., 33., 16., 10., 8.,
       16., 9., 2., 7., 30., 12., 35., 15., 0., 0., 0., 0., 0., 4., 2.,
       3., 4., 6., 9., 3., 1., 4., 2., 31., 58., 25., 10., 1., 2., 1.,
       5., 62., 30., 1., 0., 3., 6., 6., 3., 4., 1., 2., 1., 4., 6., 6.,
       10., 19., 7., 13., 64., 8., 3., 5., 13., 59., 98., 140., 142.,
       17., 1., 2., 142., 142., 73., 19., 10., 3., 1., 6., 38., 23., 4.,
       1., 1., 3., 2., 1., 18., 102., 40., 21., 51., 2., 0., 0., 23.,
       12., 8., 29., 142., 105., 16., 29., 142., 36., 3., 4., 19., 30.,
       16., 108., 70., 11., 9., 3., 1., 5., 7., 7., 108., 48., 7., 10.,
       17., 6., 1., 12., 19., 2., 1., 4., 87., 61., 11., 21., 142., 0.,
       0., 0., 4., 12., 9., 72., 52., 2., 0., 0., 1., 6., 12., 14., 1.,
       11., 15., 15., 30., 1., 0., 0., 2., 6., 8., 98., 142., 0., 0., 0.,
       88., 48., 13., 34., 19., 1., 0., 4., 24., 8., 2., 26., 108., 21.,
       4., 6., 1., 5., 4., 9., 61., 12., 9., 2., 17., 24., 16., 138.,
       142., 28., 3., 4., 142., 83., 17., 38., 26., 10., 7., 39., 49.,
       1., 0., 0., 36., 101., 29., 25., 1., 3., 2., 2., 40., 21., 2., 1.,
       11., 3., 1., 9., 142., 142., 69., 22., 142., 12., 1., 3., 14.,
       56., 88., 142., 57., 4., 2., 5., 13., 32., 10., 18., 1., 6., 8.,
       6., 3., 5., 1., 1., 0., 2., 7., 5., 7., 67., 29., 2., 14., 2., 2.,
       1., 2., 30., 50., 29., 10., 3., 2., 5., 3., 2., 2., 5., 0., 0.,
       158., 36., 0., 0., 0., 0., 6., 10., 158., 58., 0., 0., 0., 1.,
       36., 31., 158., 48., 0., 0., 0., 20., 32., 7., 43., 30., 1., 0.,
       1., 65., 0., 0., 70., 7., 0., 3., 20., 11., 47., 8., 57., 8., 2.,
