%YAML:1.0
dscr_db: !!opencv-matrix
   rows: 111
   cols: 128
   dt: f
   data: [ 71., 0., 0., 0., 35., 7., 1., 45., 99., 0., 0., 0., 8., 5.,
       3., 43., 175., 0., 0., 1., 9., 0., 0., 81., 60., 0., 0., 8., 82.,
       3., 0., 34., 97., 0., 0., 0., 33., 12., 5., 64., 134., 4., 0., 1.,
       51., 19., 0., 31., 175., 17., 0., 9., 19., 1., 0., 26., 76., 6.,
       1., 26., 78., 0., 0., 22., 85., 0., 0., 0., 19., 17., 4., 54.,
       108., 0., 0., 0., 44., 37., 2., 39., 175., 47., 13., 16., 5., 6.,
       0., 33., 78., 36., 22., 34., 19., 0., 0., 6., 35., 0., 0., 0.,
       10., 8., 4., 47., 53., 0., 0., 0., 11., 14., 5., 39., 150., 34.,
       15., 7., 0., 1., 0., 30., 60., 56., 19., 15., 6., 0., 0., 0., 30.,
       5., 0., 2., 33., 2., 0., 1., 34., 1., 0., 2., 151., 21., 1., 5.,
       151., 3., 0., 0., 27., 6., 1., 20., 22., 1., 0., 1., 118., 39.,
       1., 3., 42., 21., 1., 5., 35., 0., 0., 1., 43., 3., 0., 26., 151.,
       2., 0., 2., 151., 17., 0., 4., 30., 3., 1., 11., 39., 3., 0., 0.,
       115., 66., 3., 3., 52., 55., 6., 15., 27., 0., 0., 0., 38., 3.,
       3., 37., 151., 5., 1., 8., 151., 14., 0., 1., 23., 3., 1., 23.,
       57., 13., 0., 1., 96., 24., 1., 1., 55., 25., 3., 12., 18., 0.,
       0., 3., 31., 6., 2., 36., 130., 1., 0., 2., 151., 22., 0., 3.,
       11., 0., 0., 7., 41., 14., 0., 4., 69., 1., 0., 0., 41., 3., 0.,
       0., 48., 23., 0., 1., 21., 1., 0., 2., 149., 38., 0., 3., 144.,
       2., 0., 1., 17., 7., 2., 25., 11., 0., 0., 1., 63., 40., 4., 8.,
       73., 26., 1., 0., 59., 21., 0., 0., 27., 5., 1., 10., 149., 28.,
       0., 0., 149., 12., 1., 4., 33., 4., 3., 18., 28., 0., 0., 0., 46.,
       63., 6., 9., 105., 82., 3., 2., 33., 7., 0., 0., 25., 4., 1., 2.,
       149., 41., 0., 2., 149., 12., 0., 1., 48., 7., 0., 6., 44., 1.,
       0., 1., 32., 20., 1., 2., 121., 61., 1., 1., 13., 1., 0., 1., 17.,
       9., 1., 5., 149., 11., 0., 0., 149., 45., 1., 3., 54., 2., 0., 0.,
       47., 8., 0., 1., 19., 6., 0., 1., 32., 94., 9., 0., 0., 0., 0.,
       0., 163., 51., 5., 0., 0., 0., 0., 2., 144., 6., 0., 0., 8., 3.,
       0., 2., 0., 0., 0., 0., 39., 24., 0., 0., 48., 89., 12., 0., 0.,
       0., 0., 1., 163., 55., 4., 0., 0., 0., 0., 7., 163., 6., 1., 2.,
       3., 0., 0., 7., 0., 0., 1., 10., 49., 5., 0., 0., 99., 25., 1.,
       0., 1., 2., 0., 7., 163., 31., 0., 0., 0., 0., 0., 15., 149., 41.,
       3., 2., 1., 0., 0., 1., 0., 1., 2., 26., 55., 0., 0., 0., 66.,
       28., 0., 0., 5., 5., 0., 1., 163., 99., 0., 0., 0., 0., 0., 2.,
       120., 72., 1., 2., 2., 0., 0., 0., 3., 3., 1., 22., 57., 0., 0.,
       0., 59., 72., 0., 0., 0., 1., 0., 0., 46., 116., 14., 0., 0., 0.,
       0., 0., 171., 38., 3., 0., 0., 0., 0., 2., 79., 5., 0., 0., 10.,
       4., 0., 1., 34., 58., 1., 0., 5., 7., 0., 0., 94., 115., 19., 0.,
       0., 0., 0., 1., 171., 44., 2., 0., 0., 0., 0., 7., 90., 4., 1.,
       2., 5., 0., 0., 4., 19., 16., 0., 0., 16., 26., 0., 0., 171., 32.,
       1., 0., 0., 0., 0., 12., 171., 37., 0., 0., 0., 0., 0., 11., 76.,
       27., 3., 3., 3., 0., 0., 0., 6., 3., 0., 0., 30., 29., 0., 0.,
       122., 45., 0., 0., 2., 3., 0., 2., 171., 103., 0., 0., 0., 0., 0.,
       2., 69., 47., 1., 2., 4., 0., 0., 0., 18., 0., 0., 0., 10., 4.,
       2., 18., 139., 1., 0., 0., 1., 1., 1., 98., 139., 45., 0., 0., 0.,
       0., 0., 21., 81., 72., 0., 0., 0., 0., 0., 0., 59., 0., 0., 0.,
       1., 1., 1., 31., 139., 14., 0., 0., 0., 0., 0., 65., 122., 104.,
       2., 0., 0., 0., 0., 5., 99., 100., 0., 0., 0., 0., 0., 0., 100.,
       0., 0., 0., 0., 0., 0., 10., 139., 44., 2., 0., 0., 0., 0., 9.,
       65., 124., 11., 0., 0., 0., 0., 0., 108., 97., 0., 0., 0., 0., 0.,
       0., 83., 0., 0., 0., 0., 0., 0., 6., 139., 32., 5., 0., 0., 0.,
       0., 3., 42., 92., 15., 0., 0., 0., 0., 0., 94., 77., 0., 0., 0.,
       0., 0., 0., 16., 7., 1., 1., 1., 0., 0., 3., 70., 2., 0., 0., 0.,
       0., 4., 109., 7., 0., 0., 0., 0., 0., 42., 161., 0., 0., 0., 0.,
       0., 0., 43., 92., 34., 12., 3., 7., 6., 0., 0., 1., 161., 17., 1.,
       0., 0., 0., 3., 94., 55., 0., 0., 0., 0., 0., 71., 143., 0., 0.,
       0., 0., 0., 0., 54., 87., 31., 10., 1., 5., 21., 3., 0., 0., 161.,
       47., 0., 1., 2., 0., 0., 18., 161., 5., 0., 0., 0., 0., 47., 75.,
       0., 0., 0., 0., 0., 0., 52., 69., 16., 2., 0., 0., 16., 7., 0.,
       0., 161., 47., 0., 0., 3., 1., 0., 1., 161., 23., 0., 0., 0., 0.,
       11., 37., 4., 0., 0., 0., 0., 0., 32., 50., 12., 0., 0., 0., 7.,
       22., 9., 6., 32., 15., 0., 0., 0., 57., 47., 10., 128., 128., 0.,
       0., 0., 10., 13., 5., 119., 101., 0., 0., 0., 11., 5., 2., 45.,
       18., 5., 2., 10., 6., 2., 4., 92., 4., 0., 0., 0., 37., 67., 35.,
       106., 67., 0., 0., 0., 65., 92., 27., 128., 128., 0., 0., 0., 5.,
       6., 6., 80., 58., 2., 0., 0., 0., 0., 0., 128., 19., 0., 0., 0.,
       3., 11., 25., 57., 5., 0., 0., 0., 75., 92., 37., 97., 89., 0.,
       0., 0., 35., 40., 16., 88., 13., 0., 0., 0., 0., 2., 33., 128.,
       47., 0., 0., 0., 0., 4., 26., 119., 41., 0., 0., 0., 17., 26.,
       19., 17., 6., 0., 0., 0., 49., 51., 8., 14., 1., 3., 136., 42.,
       0., 0., 3., 37., 13., 19., 136., 45., 0., 0., 0., 103., 25., 16.,
       19., 0., 0., 0., 1., 10., 10., 22., 127., 3., 0., 0., 0., 4., 4.,
       8., 136., 52., 0., 0., 0., 122., 45., 26., 119., 15., 0., 0., 0.,
       64., 33., 77., 92., 0., 0., 0., 0., 0., 11., 49., 136., 1., 0.,
       0., 0., 28., 9., 12., 136., 29., 0., 0., 1., 112., 51., 37., 39.,
       1., 0., 0., 0., 7., 12., 85., 136., 1., 0., 0., 0., 0., 2., 42.,
       115., 3., 0., 0., 0., 46., 5., 4., 53., 9., 0., 0., 9., 35., 15.,
       24., 20., 0., 0., 0., 6., 1., 0., 14., 41., 22., 3., 3., 8., 0.,
       0., 5., 79., 38., 1., 0., 1., 154., 2., 0., 2., 1., 0., 0., 12.,
       54., 13., 4., 37., 31., 0., 0., 2., 130., 22., 2., 6., 10., 16.,
       7., 5., 47., 3., 0., 1., 10., 28., 6., 9., 154., 8., 0., 2., 6.,
       1., 0., 3., 72., 8., 2., 26., 87., 5., 0., 2., 154., 13., 1., 4.,
       17., 12., 3., 17., 32., 4., 0., 1., 36., 34., 3., 7., 154., 6.,
       0., 0., 8., 1., 0., 1., 84., 3., 0., 5., 114., 9., 0., 3., 154.,
       3., 0., 2., 30., 4., 0., 18., 31., 4., 0., 11., 85., 6., 0., 3.,
       154., 7., 0., 1., 6., 0., 0., 0., 67., 5., 0., 10., 90., 0., 0.,
       0., 154., 8., 0., 3., 28., 0., 0., 1., 26., 7., 1., 13., 83., 1.,
       0., 0., 13., 6., 0., 1., 75., 80., 5., 0., 125., 21., 0., 1., 11.,
       6., 2., 13., 30., 1., 0., 0., 6., 22., 19., 16., 6., 1., 0., 0.,
       31., 44., 3., 1., 8., 0., 0., 0., 125., 125., 9., 5., 125., 6.,
       0., 0., 38., 34., 3., 30., 78., 1., 0., 0., 1., 41., 36., 31., 1.,
       0., 0., 0., 21., 115., 13., 0., 4., 0., 0., 0., 125., 125., 5.,
       8., 125., 14., 0., 0., 77., 67., 3., 15., 125., 7., 0., 0., 0.,
       17., 32., 28., 0., 0., 0., 0., 4., 111., 33., 2., 11., 3., 0., 0.,
       81., 94., 1., 2., 94., 1., 0., 0., 61., 116., 16., 31., 125., 1.,
       0., 0., 0., 4., 15., 47., 3., 0., 0., 0., 0., 53., 35., 7., 39.,
       129., 8., 9., 1., 0., 0., 0., 8., 33., 20., 129., 93., 0., 0., 0.,
       118., 35., 11., 64., 30., 0., 0., 1., 41., 16., 11., 58., 33., 0.,
       0., 0., 47., 128., 16., 28., 5., 0., 0., 0., 27., 33., 24., 129.,
       105., 0., 0., 0., 129., 60., 14., 50., 15., 0., 0., 0., 30., 13.,
       10., 87., 65., 0., 0., 0., 18., 57., 21., 49., 13., 0., 0., 0.,
       65., 15., 14., 129., 88., 0., 0., 1., 129., 52., 29., 24., 4., 0.,
       0., 3., 7., 10., 39., 103., 24., 0., 0., 0., 0., 8., 13., 41.,
       31., 0., 0., 0., 56., 14., 2., 61., 67., 0., 0., 0., 75., 50.,
       51., 20., 0., 0., 0., 0., 0., 1., 62., 70., 1., 0., 0., 0., 3.,
       0., 0., 0., 3., 25., 27., 60., 56., 11., 0., 0., 26., 79., 13.,
       5., 128., 10., 0., 0., 1., 8., 12., 27., 2., 0., 0., 0., 7., 33.,
       17., 6., 16., 0., 0., 0., 4., 25., 21., 111., 43., 0., 0., 0.,
       81., 130., 19., 18., 130., 1., 0., 0., 9., 30., 21., 55., 18., 0.,
